[vpngen/proxies]
version = 7.3.1
modtime = 1566898244.688335000

[app/install/is_configured]
version = 7.3.1
modtime = 1566898244.691466000
